     Alt            CO2               CO                O                N2                H2               H              Ar             He                  H2O
   100.000000      0.160564467       298.693085       5.44990238E-04  0.291979283       935.205994       1.57542090E-04   7.47480255E-04   1.36252248E-03   2.43081668E-04
   103.000000      0.272933662       274.538940       7.99512025E-04  0.495696068       859.579590       2.31162820E-04   1.09694863E-03   1.99884549E-03   3.57551151E-04
   106.000000      0.429105312       215.064056       1.17402396E-03  0.778226435       673.364075       3.39473248E-04   1.61101564E-03   2.93515110E-03   5.26015647E-04
   109.000000      0.577738225       148.467041       1.72331405E-03   1.04631889       464.849304       4.98251757E-04   2.36431090E-03   4.30841139E-03   7.72634579E-04
   112.000000      0.775581360       103.264000       2.52935314E-03   1.40019107       323.318878       7.31216394E-04   3.46940616E-03   6.32355642E-03   1.13464857E-03
   115.000000       1.03772831       79.5498352       3.71342944E-03   1.86394107       249.070007       1.07339851E-03   5.09228744E-03   9.28384345E-03   1.66203873E-03
   118.000000       1.38412488       67.3902969       5.44991205E-03   2.46868372       210.998566       1.57514552E-03   7.47141195E-03   1.36251990E-02   2.43214355E-03
   121.000000       1.83691609       59.7829475       8.00213963E-03   3.24476409       187.180008       2.31247698E-03   1.09665664E-02   2.00059880E-02   3.55892535E-03
   124.000000       2.42368674       54.9991226       1.15830936E-02   4.22720337       172.201889       3.34689603E-03   1.58683918E-02   2.89586652E-02   5.13600884E-03
   127.000000       3.18245244       53.3801117       1.66612789E-02   5.46961737       167.132767       4.81364224E-03   2.28161979E-02   4.16545160E-02   7.36610079E-03
   130.000000       3.73965716       54.3818893       2.39661857E-02   6.37504530       170.269333       6.92131510E-03   3.27884518E-02   5.99173009E-02   1.05450246E-02
   133.000000       4.17910147       57.9274139       3.44723314E-02   7.10532665       181.370331       9.94878542E-03   4.70931157E-02   8.61833394E-02   1.50691904E-02
   136.000000       4.67444277       62.3467941       4.95924726E-02   7.92964602       195.207382       1.43003017E-02   6.76222816E-02  0.123984925       2.14528069E-02
   139.000000       5.23717737       68.1576538       7.13517740E-02   8.87156200       213.401169       2.05523446E-02   9.70610008E-02  0.178385392       3.04353330E-02
   142.000000       5.88684559       76.3973312      0.101429671       9.97245502       239.199539       2.91776471E-02  0.137586579      0.253583431       4.25805077E-02
   145.000000       6.62868214       87.0089493      0.140930876       11.2403345       272.424408       4.04805429E-02  0.190569058      0.352340817       5.81639521E-02
   148.000000       7.46750259       99.4184036      0.195819557       12.6773415       311.278351       5.61435968E-02  0.263772845      0.489568979       7.92286992E-02
   151.000000       8.41173744       113.384888      0.272150666       14.2944613       355.007324       7.78522417E-02  0.364859998      0.680405796      0.107594304    
   154.000000       9.47616386       129.673218      0.378107637       16.1217136       406.005981      0.107861355      0.503983259      0.945310831      0.145520180    
   157.000000       10.6741076       148.318573      0.525408328       18.1802387       464.384491      0.149366215      0.695363581       1.31357956      0.196002185    
   160.000000       12.0304785       170.037354      0.730072498       20.5153141       532.385742      0.206672966      0.957900763       1.82526207      0.262710780    
   163.000000       13.5536070       194.597702      0.993143678       23.1379337       609.284058      0.279843062       1.29085052       2.48296213      0.344703287    
   166.000000       15.2645817       222.880310       1.29530466       26.0883751       697.836731      0.363426030       1.66922009       3.23837519      0.436671823    
   169.000000       17.1933517       254.640015       1.68941081       29.4126263       797.276123      0.471671879       2.15580034       4.22364759      0.551017821    
   172.000000       19.3522472       289.466675       2.20336032       33.1275711       906.318115      0.611675322       2.77997255       5.50853062      0.691505432    
   175.000000       21.7658844       325.804932       2.87434387       37.2617226       1020.09296      0.792738080       3.57936883       7.18596554      0.864820182    
   178.000000       24.4614964       366.098846       3.74782300       41.8767242       1146.25293       1.02586198       4.59755087       9.36958504       1.07678950    
   181.000000       27.5248890       414.975891       4.88878250       47.1436615       1299.28674       1.32657325       5.89612961       12.2218390       1.33534336    
   184.000000       31.0668373       482.786255       6.37754345       53.3114700       1511.60046       1.71335125       7.54864645       15.9435854       1.64945233    
   187.000000       35.0285339       559.093384       8.31448364       60.2080727       1750.51746       2.20828009       9.63358593       20.7856331       2.02753711    
   190.000000       38.5742912       625.346252       10.9249954       66.3647842       1957.95459       2.85552239       12.2861729       27.3109722       2.47196507    
   193.000000       42.4657440       697.824280       14.4010210       73.1186218       2184.88306       3.69254899       15.6350117       35.9992523       2.99848819    
   196.000000       46.7345695       776.227966       18.9858665       80.5193787       2430.36475       4.75958729       19.7903404       47.4580536       3.61265492    
   199.000000       51.4766541       870.667114       25.0239182       88.7824326       2726.05273       6.11014938       24.9048729       62.5477066       4.32295418    
   202.000000       56.6664848       971.833984       32.9908562       97.8104095       3042.80566       7.81136942       31.1395874       82.4553833       5.13845396    
   205.000000       62.3653259       1081.00342       43.4903107       107.711349       3384.61426       9.93668175       38.6579475       108.687210       6.06822538    
   208.000000       68.5874939       1193.66638       57.3155441       118.484604       3737.36108       12.5683136       47.6104774       143.220718       7.12077856    
   211.000000       75.3862915       1311.96667       75.5721359       130.229782       4107.75879       15.8059340       58.1765404       188.812134       8.29591179    
   214.000000       82.7945404       1427.26086       98.9110031       142.952438       4468.74414       19.6476192       70.2016754       247.073914       9.59590149    
   217.000000       90.8876038       1547.74658       127.739166       156.818695       4845.98389       24.0525799       83.5046005       319.009003       11.0170164    
   220.000000       99.8812408       1694.38733       164.967072       172.299393       5305.11523       29.2737331       98.7536240       411.869354       12.6014261    
   223.000000       109.729996       1855.66858       213.058273       189.255737       5810.08594       35.4052467       116.023705       531.765381       14.3580008    
   226.000000       120.395737       2002.05774       275.138336       207.451721       6268.42920       42.5508537       135.291840       686.407898       16.3032131    
   229.000000       131.993195       2142.49194       355.322693       227.114807       6708.12793       50.8122749       156.672226       885.945862       18.4541016    
   232.000000       144.578217       2275.86670       458.913757       248.312973       7125.72314       60.2857132       180.206055       1143.39563       20.8253765    
   235.000000       158.378235       2416.12256       592.430237       271.489380       7564.86328       71.0650101       206.088974       1474.71411       23.4446335    
   238.000000       173.284317       2551.77100       765.144714       296.374786       7989.57764       83.2340164       234.226624       1902.43567       26.3173828    
   241.000000       189.464111       2673.73657       988.029053       323.139099       8371.45020       96.9151382       264.664673       2452.91089       29.4848194    
   244.000000       206.997452       2785.20923       1275.86060       351.887482       8720.47070       112.210602       297.448914       3161.35132       32.9702034    
   247.000000       225.728760       2879.84082       1647.50427       382.260620       9016.76172       129.146210       332.280121       4071.91016       36.7771225    
   250.000000       245.761337       2946.50781       2127.51587       414.222595       9225.49609       147.911057       369.074707       5240.65088       40.9581299    
   253.000000       266.952789       2976.13452       2747.04126       447.300354       9318.25684       168.626709       407.387329       6736.06836       45.5399513    
   256.000000       288.972565       2969.29272       3547.07471       480.778107       9296.83496       191.308533       446.524323       8644.42773       50.5165672    
   259.000000       311.812225       2915.68506       4580.42090       514.195007       9128.98926       216.373016       486.001068       11067.7070       55.9866829    
   262.000000       334.867920       2827.96509       5911.94873       546.461304       8854.33984       243.721573       524.676086       14117.9980       61.9071960    
   265.000000       357.513184       2698.57959       7633.92041       576.053101       8449.23438       273.705444       561.079224       17930.3379       68.3271484    
   268.000000       378.282990       2517.96094       9855.39258       599.966064       7883.71875       306.493500       592.253113       22599.0469       75.2226028    
   271.000000       396.671112       2315.66479       12723.2148       617.642822       7250.33008       342.385040       617.308594       28197.5391       82.6086121    
   274.000000       411.630951       2103.66724       16424.5859       627.675415       6586.56738       381.614014       634.581055       34694.3242       90.4427795    
   277.000000       420.804932       1875.01733       21203.0273       626.375854       5870.66650       424.499390       640.207886       41814.9414       98.6111908    
   280.000000       424.758423       1660.87622       27366.9336       616.268860       5200.19189       471.523376       636.175598       49145.9805       107.091805    
   283.000000       422.126740       1458.63342       35321.5859       596.243408       4566.97119       522.882019       621.127808       55936.3789       115.660583    
   286.000000       412.704559       1271.79663       45587.5547       567.275879       3981.98657       579.146729       595.820557       61299.3711       124.114983    
   289.000000       396.637360       1101.69580       58802.5508       530.765625       3449.40210       640.827637       561.550842       64408.3906       132.153656    
   292.000000       373.960693       946.467896       75869.3750       487.673950       2963.38477       708.234497       519.278870       64748.7734       139.273972    
   295.000000       349.556183       819.017639       97848.9453       445.598206       2564.33862       782.217346       476.982788       63060.9102       145.540756    
   298.000000       320.952484       703.080566       126154.281       400.691925       2201.34058       863.525696       430.854187       59192.0195       150.084610    
   301.000000       289.783142       599.536133       162561.766       355.151123       1877.14355       952.427795       383.331512       53863.6367       152.357666    
   304.000000       261.302063       516.861450       209349.047       315.465332       1618.28979       1050.16675       341.500366       48542.1484       153.046371    
   307.000000       232.871185       443.800293       269295.719       277.566071       1389.53564       1157.13330       301.196503       42992.1719       151.194748    
   310.000000       206.419846       381.814972       345918.500       243.468155       1195.46008       1274.68896       264.699982       37774.8477       147.224213    
   313.000000       181.985947       328.638184       443437.562       212.814224       1028.96399       1404.11011       231.723572       32981.1250       141.238449    
   316.000000       160.228638       283.934082       566488.375       186.092133       888.995667       1545.27625       202.866501       28767.9531       133.806717    
   319.000000       140.985016       246.122787       720917.625       162.846558       770.608765       1701.53894       177.690109       25097.0371       125.393867    
   322.000000       124.431015       214.710388       911925.500       143.108597       672.256714       1871.97058       156.264755       21987.3828       116.634697    
   325.000000       110.344147       188.680298       1144480.12       126.478790       590.756714       2060.07178       138.182724       19376.7949       108.012383    
   328.000000       98.7034073       167.598663       1421896.62       112.840256       524.750244       2265.92017       123.334396       17244.4277       100.050476    
   331.000000       89.2284622       150.693100       1744853.00       101.801369       471.819092       2493.07397       111.305168       15524.7012       93.0113525    
   334.000000       81.8408661       137.648666       2111100.25       93.2281570       430.977051       2741.55322       101.956810       14192.9355       87.1998825    
   337.000000       75.8361359       127.135544       2512088.00       86.2820740       398.060486       3015.02954       94.3786926       13116.6279       82.2422943    
   340.000000       71.5065613       119.581062       2942815.00       81.2800674       374.407501       3315.52710       88.9204025       12342.1768       78.6157684    
   343.000000       68.5779648       114.466049       3395407.25       77.8951950       358.392426       3645.66626       85.2269516       11817.5303       76.2031555    
   346.000000       66.5739212       110.952728       3859476.75       75.5754471       347.392242       4008.67236       82.6962814       11457.0908       74.6145020    
   349.000000       65.6883469       109.348793       4338459.50       74.5370407       342.370300       4407.28174       81.5656891       11293.0664       74.1161652    
   352.000000       65.1173782       108.289268       4804910.00       73.8609314       339.052948       4845.37061       80.8306198       11184.8330       73.8984833    
   355.000000       65.5448227       108.915222       5289184.50       74.3237762       341.012817       5327.06494       81.3408813       11250.3584       74.7195892    
   358.000000       66.4261093       110.306877       5772219.00       75.3042297       345.370087       5856.21143       82.4170837       11394.7793       76.0149384    
   361.000000       67.6313095       112.243790       6248121.50       76.6537857       351.434540       6437.30273       83.8969421       11595.3887       77.6534729    
   364.000000       69.3279495       115.003525       6732422.00       78.5622101       360.075256       7077.76758       85.9881439       11880.8984       79.8287735    
   367.000000       71.4637604       118.497025       7227831.00       80.9696503       371.013367       7779.16211       88.6253128       12242.1387       82.4896164    
   370.000000       73.6119385       122.010628       7701232.00       83.3909988       382.014435       8551.40625       91.2777023       12605.4072       85.1672363    
   373.000000       76.0944977       126.081085       8183579.50       86.1918106       394.759003       9399.86328       94.3453369       13026.1641       88.2217102    
   376.000000       79.1624298       131.125275       8703912.00       89.6566849       410.552338       10333.8896       98.1396713       13547.4863       91.9399033    
   379.000000       82.3876343       136.429596       9224919.00       93.2995682       427.160156       11356.4219       102.128883       14095.6650       95.8427582    
   382.000000       85.9725571       142.330048       9769947.00       97.3499146       445.634399       12485.2588       106.564102       14705.4131       100.162483    
   385.000000       89.7555161       148.557495       10324635.0       101.624298       465.132477       13727.3906       111.244591       15348.9316       104.717079    
   388.000000       93.7310028       155.102783       10889926.0       106.116455       485.625732       15088.4395       116.163506       16025.2783       109.499947    
   391.000000       98.0986252       162.297226       11490026.0       111.052612       508.151520       16582.2227       121.568443       16768.6855       114.740097    
   394.000000       102.644302       169.784622       12102653.0       116.189934       531.594482       18227.8574       127.193649       17542.3535       120.195656    
   397.000000       107.521683       177.820007       12746522.0       121.702522       556.753235       20038.1914       133.229736       18372.6328       126.042709    
   400.000000       112.579643       186.152420       13405640.0       127.419106       582.841919       22026.9355       139.489166       19233.5918       132.108551    
   403.000000       118.001091       195.085220       14102193.0       133.546906       610.810486       24209.4863       146.198807       20156.5840       138.603729    
   406.000000       123.793137       204.629959       14838156.0       140.093948       640.695007       26603.7891       153.367447       21142.7988       145.537704    
   409.000000       129.715164       214.387192       15585790.0       146.787460       671.244812       29241.5957       160.696533       22150.9609       152.634689    
   412.000000       136.100601       224.909760       16385357.0       154.005219       704.190979       32139.0469       168.599564       23238.2012       160.279526    
   415.000000       142.697174       235.779282       17207302.0       161.461380       738.223389       35323.7305       176.763657       24361.2871       168.181412    
   418.000000       150.025101       247.857468       18114610.0       169.745132       776.039978       38826.4141       185.833786       25609.2480       176.944550    
   421.000000       157.469116       260.124817       19033878.0       178.159546       814.449036       42671.9531       195.047089       26876.7578       185.855682    
   424.000000       165.222305       272.901062       19988516.0       186.923248       854.451355       46904.2852       204.642838       28196.8418       195.139725    
   427.000000       173.193512       286.035339       20967866.0       195.933121       895.574707       51554.5664       214.508179       29553.9258       204.690292    
   430.000000       181.815887       300.244629       22024466.0       205.679504       940.063904       56656.7031       225.179886       31022.0742       215.012405    
   433.000000       191.163376       315.650635       23167590.0       216.245972       988.299927       62277.2617       236.749496       32613.8691       226.195175    
   436.000000       200.491531       331.021606       24307316.0       226.789795       1036.42627       68442.3906       248.294373       34202.0469       237.368408    
   439.000000       210.339035       347.248596       25508998.0       237.920670       1087.23303       75232.9531       260.482117       35878.6719       249.162842    
   442.000000       221.325363       365.356384       26847936.0       250.339920       1143.92834       82665.1094       274.080322       37749.6172       262.303772    
   445.000000       232.591827       383.923889       28220130.0       263.075317       1202.06299       90850.0703       288.024750       39668.0664       275.788025    
   448.000000       244.103104       402.892975       29621358.0       276.086975       1261.45520       99850.5469       302.271790       41628.0078       289.573639    
   451.000000       256.426880       423.202148       31120588.0       290.017303       1325.04297       109735.070       317.524658       43726.4102       304.326996    
   454.000000       269.223297       444.289246       32676640.0       304.481659       1391.06665       120632.773       333.362244       45905.1914       319.650879    
   457.000000       282.721313       466.533051       34317412.0       319.739166       1460.71191       132534.156       350.068359       48203.4922       335.812317    
   460.000000       297.103027       490.233643       36065020.0       335.995697       1534.91833       145673.969       367.868347       50652.3008       353.029755    
   463.000000       311.747223       514.364624       37844068.0       352.548431       1610.47217       160148.469       385.992615       53145.5820       370.571259    
   466.000000       327.635040       540.547424       39773808.0       370.507416       1692.45020       175938.797       405.656677       55850.8594       389.591278    
   469.000000       343.741486       567.087830       41729712.0       388.712891       1775.54822       193338.766       425.590668       58593.0898       408.884338    
   472.000000       360.953674       595.451416       43819576.0       408.168549       1864.35437       212504.203       446.893433       61523.6953       429.497772    
   475.000000       379.333801       625.741089       46051028.0       428.944733       1959.19092       233407.219       469.642120       64653.3086       451.503662    
   478.000000       398.238190       656.892395       48345776.0       450.312836       2056.72559       256622.578       493.039062       67871.9453       474.146851    
   481.000000       417.968475       689.404602       50740584.0       472.614532       2158.52124       281977.312       517.458191       71231.2031       497.779724    
   484.000000       439.152405       724.313599       53311676.0       496.559631       2267.82080       309870.531       543.676697       74838.1016       523.147949    
   487.000000       460.903534       760.155640       55951376.0       521.145569       2380.04224       340496.938       570.596924       78541.4062       549.202209    
   490.000000       484.952454       799.787354       58869924.0       548.329468       2504.12891       374183.312       600.361694       82636.2578       577.994568    
   493.000000       509.191040       839.728882       61811220.0       575.727112       2629.18530       411151.938       630.360657       86763.1250       607.026672    
   496.000000       534.224731       880.979370       64848836.0       604.023193       2758.34033       451730.344       661.343201       91025.2422       637.015869    
   499.000000       561.429321       925.809204       68149856.0       634.773560       2898.70215       496433.531       695.013184       95657.1875       669.596619    
   502.000000       591.109985       974.721924       71751368.0       668.323425       3051.84766       545430.188       731.748291       100710.984       705.131897    
   505.000000       621.168823       1024.25488       75398520.0       702.300110       3206.93506       599280.562       768.950745       105828.867       741.132263    
   508.000000       650.577698       1072.71204       78966472.0       735.540771       3358.65430       658483.062       805.347717       110835.594       776.375122    
   511.000000       684.299866       1128.28284       83058016.0       773.658508       3532.64600       723348.438       847.084412       116577.336       816.758423    
   514.000000       684.339355       1128.28284       83058944.0       773.686035       3532.64600       794227.875       847.117371       116577.336       817.087891    
   517.000000       750.767944       1237.80347       91121752.0       848.787109       3875.55444       873205.750       929.346375       127893.305       896.409119    
   520.000000       750.807190       1237.80347       91122528.0       848.814575       3875.55444       958583.938       929.379272       127893.305       896.737305    
   523.000000       827.510559       1364.26062       100432176.       935.530823       4271.49072       1053864.38       1024.32605       140959.219       988.341003    
   526.000000       827.549927       1364.26062       100432840.       935.558411       4271.49072       1156719.75       1024.35913       140959.219       988.670776    
   529.000000       912.389282       1504.12512       110729512.       1031.47131       4709.40527       1271552.62       1129.37561       155410.391       1090.01880    
   532.000000       912.429260       1504.12512       110730080.       1031.49915       4709.40527       1396033.62       1129.40894       155410.391       1090.35229    
   535.000000       1006.00183       1658.38074       122086248.       1137.28345       5192.37842       1534088.75       1245.23425       171348.516       1202.16089    
   538.000000       1006.04199       1658.38074       122086736.       1137.31152       5192.37842       1684273.50       1245.26782       171348.516       1202.49707    
   541.000000       1006.07819       1658.38074       122087152.       1137.33691       5192.37842       1847651.12       1245.29822       171348.516       1202.80090    
   544.000000       1158.81262       1910.17542       140623920.       1310.00671       5980.74658       2033222.38       1434.35718       197364.641       1385.25574    
   547.000000       1158.85254       1910.17542       140624304.       1310.03455       5980.74658       2230499.25       1434.39050       197364.641       1385.58972    
   550.000000       1158.88916       1910.17542       140624640.       1310.05994       5980.74658       2447500.50       1434.42102       197364.641       1385.89514    
   553.000000       1158.92200       1910.17542       140624912.       1310.08301       5980.74658       2683986.50       1434.44861       197364.641       1386.17175    
   556.000000       1395.78735       2300.64819       169371040.       1577.85986       7203.31445       2956784.25       1727.64270       237709.391       1669.20752    
   559.000000       1395.82715       2300.64819       169371312.       1577.88757       7203.31445       3243012.50       1727.67590       237709.391       1669.54016    
   562.000000       1395.86328       2300.64819       169371568.       1577.91272       7203.31445       3556121.00       1727.70618       237709.391       1669.84314    
   565.000000       1395.89612       2300.64819       169371776.       1577.93579       7203.31445       3898745.50       1727.73364       237709.391       1670.11877    
   568.000000       1395.92603       2300.64819       169371936.       1577.95667       7203.31445       4272951.00       1727.75854       237709.391       1670.36951    
   571.000000       1758.24292       2897.88037       213339616.       1987.54443       9073.24316       4716588.50       2176.22607       299417.094       2103.52148    
   574.000000       1758.28235       2897.88037       213339808.       1987.57178       9073.24316       5170159.00       2176.25903       299417.094       2103.85083    
   577.000000       1758.31799       2897.88037       213339968.       1987.59692       9073.24316       5665557.00       2176.28882       299417.094       2104.15015    
   580.000000       1758.35034       2897.88037       213340096.       1987.61938       9073.24316       6206163.50       2176.31592       299417.094       2104.42261    
   583.000000       1758.38013       2897.88037       213340240.       1987.64014       9073.24316       6797858.50       2176.34082       299417.094       2104.67114    
   586.000000       1758.40686       2897.88037       213340336.       1987.65894       9073.24316       7440883.00       2176.36328       299417.094       2104.89624    
   589.000000       1758.43140       2897.88037       213340416.       1987.67603       9073.24316       8142981.00       2176.38354       299417.094       2105.10181    
   592.000000       1758.45374       2897.88037       213340496.       1987.69165       9073.24316       8907285.00       2176.40234       299417.094       2105.28857    
   595.000000       1758.47388       2897.88037       213340560.       1987.70569       9073.24316       9740166.00       2176.41919       299417.094       2105.45874    
   598.000000       1758.49219       2897.88037       213340608.       1987.71851       9073.24316       10641960.0       2176.43457       299417.094       2105.61304    
   601.000000       2604.98145       4292.99658       316048288.       2944.59180       13441.3428       11898272.0       3224.14771       443564.344       3118.50879    
   604.000000       2605.01465       4292.99658       316048384.       2944.61523       13441.3428       13019424.0       3224.17578       443564.344       3118.79004    
   607.000000       2605.04517       4292.99658       316048448.       2944.63647       13441.3428       14235723.0       3224.20117       443564.344       3119.04541    
   610.000000       2605.07300       4292.99658       316048512.       2944.65601       13441.3428       15556135.0       3224.22412       443564.344       3119.27759    
   613.000000       2605.09790       4292.99658       316048544.       2944.67358       13441.3428       16993562.0       3224.24536       443564.344       3119.48926    
   616.000000       2605.12109       4292.99658       316048608.       2944.68945       13441.3428       18554316.0       3224.26440       443564.344       3119.68213    
   619.000000       2605.14185       4292.99658       316048608.       2944.70410       13441.3428       20244628.0       3224.28174       443564.344       3119.85718    
   622.000000       2605.16064       4292.99658       316048640.       2944.71729       13441.3428       22071002.0       3224.29761       443564.344       3120.01636    
   625.000000       2605.17798       4292.99658       316048704.       2944.72949       13441.3428       24040878.0       3224.31201       443564.344       3120.16089    
   628.000000       2605.19360       4292.99658       316048704.       2944.74023       13441.3428       26171456.0       3224.32520       443564.344       3120.29248    
   631.000000       2605.20801       4292.99658       316048704.       2944.75024       13441.3428       28465036.0       3224.33716       443564.344       3120.41284    
   634.000000       2605.22095       4292.99658       316048736.       2944.75952       13441.3428       30931436.0       3224.34814       443564.344       3120.52173    
   637.000000       2605.23267       4292.99658       316048768.       2944.76782       13441.3428       33580068.0       3224.35791       443564.344       3120.62109    
   640.000000       2605.24341       4292.99658       316048768.       2944.77515       13441.3428       36413860.0       3224.36694       443564.344       3120.71143    
   643.000000       2605.25317       4292.99658       316048768.       2944.78198       13441.3428       39446460.0       3224.37524       443564.344       3120.79370    
   646.000000       2605.26221       4292.99658       316048768.       2944.78809       13441.3428       42678832.0       3224.38281       443564.344       3120.86841    
   649.000000       2605.27026       4292.99658       316048768.       2944.79370       13441.3428       46110428.0       3224.38916       443564.344       3120.93628    
   652.000000       2605.27759       4292.99658       316048800.       2944.79907       13441.3428       49758500.0       3224.39551       443564.344       3120.99829    
   655.000000       2605.28442       4292.99658       316048800.       2944.80347       13441.3428       53609764.0       3224.40112       443564.344       3121.05444    
   658.000000       2605.29053       4292.99658       316048800.       2944.80786       13441.3428       57679876.0       3224.40601       443564.344       3121.10571    
   661.000000       2605.29590       4292.99658       316048800.       2944.81177       13441.3428       61940336.0       3224.41064       443564.344       3121.15234    
   664.000000       2605.30103       4292.99658       316048800.       2944.81519       13441.3428       66413992.0       3224.41479       443564.344       3121.19458    
   667.000000       2605.30542       4292.99658       316048800.       2944.81836       13441.3428       71088016.0       3224.41870       443564.344       3121.23340    
   670.000000       2605.30957       4292.99658       316048800.       2944.82153       13441.3428       75947048.0       3224.42236       443564.344       3121.26831    
   673.000000       2605.31348       4292.99658       316048832.       2944.82397       13441.3428       80999088.0       3224.42578       443564.344       3121.30029    
   676.000000       2605.31689       4292.99658       316048832.       2944.82642       13441.3428       86182240.0       3224.42847       443564.344       3121.32910    
   679.000000       2605.32007       4292.99658       316048832.       2944.82861       13441.3428       91536800.0       3224.43115       443564.344       3121.35547    
   682.000000       2605.32300       4292.99658       316048832.       2944.83057       13441.3428       97032568.0       3224.43335       443564.344       3121.37988    
   685.000000       2605.32544       4292.99658       316048832.       2944.83252       13441.3428       102594944.       3224.43579       443564.344       3121.40161    
   688.000000       2605.32812       4292.99658       316048832.       2944.83423       13441.3428       108259464.       3224.43750       443564.344       3121.42139    
   691.000000       2605.33008       4292.99658       316048832.       2944.83569       13441.3428       113998200.       3224.43945       443564.344       3121.43945    
   694.000000       2605.33228       4292.99658       316048832.       2944.83691       13441.3428       119730824.       3224.44092       443564.344       3121.45605    
   697.000000       2605.33374       4292.99658       316048832.       2944.83813       13441.3428       125536384.       3224.44263       443564.344       3121.47095    
